Андрей Говорухи               21        6  6  1  4  9  9  10 4  8  2  3  8
Василий Петров                22        2  9  4  7  6  6  3  6  5  5  2  4
Гавриил Варфаломеев           19        10 10 4  10 7  9  4  6  8  1  1  1
Игнат Тюльпанов               21        8  1  4  1  1  5  2  5  2  2  10 8
Илья Муромцев                 21        6  4  7  10 9  5  3  7  4  7  2  9
Кощей Бессмертный             23        10 1  4  1  8  10 6  2  10 7  4  9
Максим Мухин                  20        8  9  9  5  8  6  5  7  2  4  10 6
Маргарита Мартынова           19        1  5  1  10 10 2  4  4  9  8  10 9
Петр Николаев                 20        9  5  9  1  2  8  7  8  1  9  1  9
Полина Гусева                 19        2  8  7  3  9  9  5  1  9  2  6  7
Спиридов Тереньтьев           21        7  7  3  10 9  7  2  10 9  8  1  6
Станислав Трердолобов         22        8  1  6  1  4  1  10 8  8  1  8  8
Вячеслав Трердолобов          22        8  3  3  1  4  8  9  8  8  1  7  3
Петр Трердолобов              22        8  3  3  1  4  8  9  8  8  1  7  3